VehicleName	TimeStamp	POS_X	POS_Y	POS_Z	Q_W	Q_X	Q_Y	Q_Z	Throttle	Steering	Brake	Gear	Handbrake	RPM	Speed	ImageFile
PhysXCar	1714406043192	0.00427188	-0.00185408	-0.720612	0.979102	7.17607e-05	0.000207721	-0.20337	0.5	7.43783e-10	0	1	0	1291.9	0.626833	img_PhysXCar__0_1714406043191311000.png
PhysXCar	1714406047803	0.235843	-0.102383	-0.720693	0.979102	0.000416964	0.00186595	-0.203363	0.5	-4.99381e-06	0	1	0	1084.09	1.57535	img_PhysXCar__0_1714406047800943500.png
PhysXCar	1714406052350	0.698611	-0.303286	-0.720404	0.979103	0.000327983	0.00146999	-0.203358	0.5	7.93177e-07	0	1	0	1135.04	2.09374	img_PhysXCar__0_1714406052348540900.png
PhysXCar	1714406057035	1.29464	-0.562035	-0.72013	0.979105	0.000229882	0.0010154	-0.203353	0.5	2.96969e-05	0	1	0	1241.96	2.46204	img_PhysXCar__0_1714406057033986500.png
PhysXCar	1714406061423	1.98818	-0.864655	-0.719914	0.97899	0.000243602	0.000753232	-0.203907	0.5	-0.0181324	0	1	0	1347.79	2.76984	img_PhysXCar__0_1714406061422446000.png
PhysXCar	1714406065753	2.76195	-1.20894	-0.719719	0.978541	0.000255989	0.000608634	-0.206049	0.5	-0.0184504	0	1	0	1442.31	3.04004	img_PhysXCar__0_1714406065749099600.png
PhysXCar	1714406070110	3.6071	-1.58788	-0.719508	0.978164	0.000187438	0.000523216	-0.207832	0.5	-0.00422203	0	1	0	1525.06	3.28023	img_PhysXCar__0_1714406070108617000.png
PhysXCar	1714406074463	4.51752	-1.9936	-0.719277	0.97815	7.77991e-05	0.000462117	-0.207897	0.5	0.00630689	0	1	0	1597.35	3.49428	img_PhysXCar__0_1714406074460374600.png
PhysXCar	1714406078763	5.47089	-2.45183	-0.719027	0.975789	0.00102762	0.000157245	-0.218713	0.5	-0.155088	0	1	0	1661.16	3.67357	img_PhysXCar__0_1714406078761855000.png
PhysXCar	1714406083069	6.43052	-3.01041	-0.718732	0.968575	0.00213338	-0.00026646	-0.248712	0.5	-0.399347	0	1	0	1720.12	3.801	img_PhysXCar__0_1714406083067632000.png
PhysXCar	1714406087420	7.36206	-3.69422	-0.718449	0.956606	0.00213887	-0.000378826	-0.291377	0.5	-0.0734744	0	1	0	1766.35	3.98248	img_PhysXCar__0_1714406087419493100.png
PhysXCar	1714406091763	8.36029	-4.36331	-0.718248	0.957543	-0.000856493	0.000558395	-0.288288	0.5	0.340309	0	1	0	1806.56	4.10291	img_PhysXCar__0_1714406091761776400.png
PhysXCar	1714406096113	9.45738	-4.93675	-0.718038	0.968127	-0.00254717	0.000922306	-0.250443	0.5	0.220926	0	1	0	1844.34	4.22122	img_PhysXCar__0_1714406096112195200.png
PhysXCar	1714406100458	10.6034	-5.49478	-0.717978	0.972254	-0.000279583	0.000356692	-0.233928	0.5	-0.154982	0	1	0	1874.7	4.33558	img_PhysXCar__0_1714406100457594400.png
PhysXCar	1714406104812	11.7272	-6.15892	-0.717896	0.966029	0.00202971	-0.000308635	-0.258426	0.5	-0.187256	0	1	0	1903.81	4.42761	img_PhysXCar__0_1714406104808879500.png
PhysXCar	1714406109178	12.8527	-6.87628	-0.71799	0.962124	0.000497692	0.000172517	-0.272612	0.5	0.258617	0	1	0	1928.86	4.51358	img_PhysXCar__0_1714406109176168300.png
PhysXCar	1714406113507	14.0569	-7.50208	-0.718164	0.970144	-0.00230559	0.000926922	-0.242517	0.5	0.44699	0	1	0	1954.28	4.55122	img_PhysXCar__0_1714406113505888000.png
PhysXCar	1714406117803	15.342	-7.99018	-0.718621	0.980933	-0.00279206	0.000905651	-0.194321	0.5	0.042252	0	1	0	1972.83	4.64804	img_PhysXCar__0_1714406117802227900.png
PhysXCar	1714406122023	16.6501	-8.48449	-0.719125	0.982958	-0.000283697	0.000431558	-0.183828	0.5	-0.0825738	0	1	0	1988.15	4.71393	img_PhysXCar__0_1714406122021706800.png
PhysXCar	1714406126248	17.956	-9.03474	-0.719611	0.980824	0.000714113	0.00021944	-0.194895	0.5	0.547836	0	1	0	2003.56	4.76677	img_PhysXCar__0_1714406126246733900.png
PhysXCar	1714406130435	19.3079	-9.5053	-0.720137	0.985552	-0.00196469	0.000660875	-0.16936	0.5	0.998102	0	1	0	2019.95	4.78351	img_PhysXCar__0_1714406130433887900.png
PhysXCar	1714406134594	20.717	-9.78148	-0.720587	0.99426	-0.00454644	0.000658149	-0.106894	0.5	0.682043	0	1	0	2038.1	4.75267	img_PhysXCar__0_1714406134593179600.png
PhysXCar	1714406138685	22.1572	-9.82908	-0.721162	0.999385	-0.00423657	0.00037127	-0.0348216	0.5	-0.103683	0	1	0	2044.15	4.85974	img_PhysXCar__0_1714406138684166100.png
PhysXCar	1714406142629	23.6163	-9.89503	-0.72171	0.99959	0.000323057	0.000300882	-0.0286167	0.5	-0.773201	0	1	0	2048.76	4.89823	img_PhysXCar__0_1714406142628406000.png
PhysXCar	1714406146585	25.0703	-10.108	-0.722215	0.99767	0.00328705	5.12299e-06	-0.068149	0.5	-0.94665	0	1	0	2059.49	4.88797	img_PhysXCar__0_1714406146583924200.png
PhysXCar	1714406150696	26.4656	-10.5586	-0.722628	0.989548	0.00560051	-0.000796078	-0.144096	0.5	-0.44518	0	1	0	2070.73	4.89173	img_PhysXCar__0_1714406150694732300.png
PhysXCar	1714406154803	27.8154	-11.1589	-0.72297	0.981097	0.00270329	-0.000403274	-0.193499	0.5	0.423249	0	1	0	2070.37	4.96672	img_PhysXCar__0_1714406154801816400.png
PhysXCar	1714406158914	29.2125	-11.679	-0.723068	0.98425	-0.00160925	0.000395493	-0.176777	0.5	1.17152	0	1	0	2075.17	4.97518	img_PhysXCar__0_1714406158913305400.png
