VehicleName	TimeStamp	POS_X	POS_Y	POS_Z	Q_W	Q_X	Q_Y	Q_Z	Throttle	Steering	Brake	Gear	Handbrake	RPM	Speed	ImageFile
PhysXCar	1713306667331	4.53272	-3.72797	-0.705647	0.920415	-0.0103241	-0.00205472	-0.390801	0	0	0	0	0	237.4	0.550646	img_PhysXCar__0_1713306667328274400.png
PhysXCar	1713306671560	4.64738	-3.8468	-0.705618	0.920415	-0.0103169	-0.00205343	-0.390802	0	0	0	0	0	213.758	0.549121	img_PhysXCar__0_1713306671556222500.png
PhysXCar	1713306676386	4.76288	-3.96405	-0.705588	0.920699	-0.0103843	-0.00202957	-0.390131	0.5	0.742468	0	0	0	431.742	0.54502	img_PhysXCar__0_1713306676355566200.png
PhysXCar	1713306680939	4.88752	-4.06937	-0.705555	0.923292	-0.0105773	-0.00202439	-0.383948	0.5	0.754966	0	0	0	1075.99	0.532952	img_PhysXCar__0_1713306680937191500.png
PhysXCar	1713306685138	5.02187	-4.15885	-0.705536	0.928263	-0.0106184	-0.00209502	-0.371767	0.5	0.733926	0	1	0	991.628	0.893275	img_PhysXCar__0_1713306685137609000.png
PhysXCar	1713306689321	5.31148	-4.29704	-0.70585	0.941864	-0.0112239	-0.000844867	-0.335807	0.5	0.810946	0	1	0	1018.45	1.52103	img_PhysXCar__0_1713306689320134200.png
PhysXCar	1713306693591	5.79031	-4.47242	-0.696534	0.960355	-0.0191318	0.00966697	-0.277956	0.5	0.698032	0	1	0	1148.43	1.93648	img_PhysXCar__0_1713306693588309300.png
PhysXCar	1713306697983	6.37901	-4.65669	-0.719965	0.974419	-0.00261813	0.00140848	-0.224721	0.5	0.39651	0	1	0	1246.32	2.39081	img_PhysXCar__0_1713306697981100900.png
PhysXCar	1713306702714	7.08951	-4.87183	-0.71907	0.982281	0.00117284	0.000458397	-0.187409	0.5	0.174926	0	1	0	1348.92	2.73172	img_PhysXCar__0_1713306702699310500.png
PhysXCar	1713306707215	7.8789	-5.14977	-0.718509	0.983893	0.00120401	0.000455998	-0.178755	0.5	0.213006	0	1	0	1438.76	3.00452	img_PhysXCar__0_1713306707213961800.png
PhysXCar	1713306711742	8.75328	-5.42241	-0.718231	0.986863	-0.000694933	0.000723422	-0.161554	0.5	0.120572	0	1	0	1519.9	3.2483	img_PhysXCar__0_1713306711740130700.png
PhysXCar	1713306716329	9.70767	-5.67381	-0.718099	0.990076	-0.00101279	0.000689363	-0.140527	0.5	0.116455	0	1	0	1588.47	3.45152	img_PhysXCar__0_1713306716325174000.png
PhysXCar	1713306719285	10.3797	-5.84624	-0.718051	0.991024	-0.000187923	0.000545239	-0.133683	0.5	-0.0754055	0	1	0	1634.61	3.59314	img_PhysXCar__0_1713306719284356700.png
PhysXCar	1713306723607	11.412	-6.18706	-0.717967	0.988362	0.00166785	0.000171489	-0.152111	0.5	-0.467206	0	1	0	1694.34	3.74297	img_PhysXCar__0_1713306723604732100.png
PhysXCar	1713306727965	12.4309	-6.67845	-0.717944	0.979224	0.00338463	-0.00040182	-0.202755	0.5	-0.546629	0	1	0	1751.63	3.83853	img_PhysXCar__0_1713306727963277200.png
PhysXCar	1713306732300	13.4087	-7.32424	-0.718123	0.965343	0.00284464	-0.000308831	-0.260968	0.5	-0.0920593	0	1	0	1791.46	4.0379	img_PhysXCar__0_1713306732298921900.png
PhysXCar	1713306736676	14.4528	-7.95271	-0.718383	0.964913	-0.00071575	0.000746204	-0.262567	0.5	0.494932	0	1	0	1825.56	4.15856	img_PhysXCar__0_1713306736675157900.png
PhysXCar	1713306741097	15.5918	-8.47429	-0.718785	0.974657	-0.00288314	0.0010826	-0.223683	0.5	1.46467	0	1	0	1862.97	4.22351	img_PhysXCar__0_1713306741095099300.png
PhysXCar	1713306745679	16.8224	-8.80082	-0.719162	0.988595	-0.00484381	0.000946473	-0.15052	0.5	1.19711	0	1	0	1890.73	4.23174	img_PhysXCar__0_1713306745677318900.png
PhysXCar	1713306748480	17.6761	-8.86606	-0.719413	0.996351	-0.00586098	0.00060111	-0.0851426	0.5	-0.10902	0	1	0	1920.36	4.31936	img_PhysXCar__0_1713306748478574900.png
PhysXCar	1713306752556	18.9903	-8.86574	-0.719949	0.999723	-0.00276452	0.000458108	-0.0233856	0.5	-1.1773	0	1	0	1932.57	4.48027	img_PhysXCar__0_1713306752554635400.png
PhysXCar	1713306756553	20.3356	-8.94074	-0.720473	0.999529	0.00150341	0.000387895	-0.0306573	0.5	-1.80918	0	1	0	1949.08	4.54446	img_PhysXCar__0_1713306756551671900.png
PhysXCar	1713306760536	21.6787	-9.18817	-0.720984	0.996711	0.00390027	-3.61139e-05	-0.0809482	0.5	-1.80105	0	1	0	1971.98	4.55832	img_PhysXCar__0_1713306760534461600.png
PhysXCar	1713306764623	22.9568	-9.68377	-0.721414	0.986178	0.00585236	-0.000919405	-0.165582	0.5	-0.992714	0	1	0	1997.15	4.51969	img_PhysXCar__0_1713306764614378500.png
PhysXCar	1713306768680	24.101	-10.4468	-0.72188	0.964541	0.00584971	-0.00148497	-0.263865	0.5	0.705056	0	1	0	2007.95	4.65324	img_PhysXCar__0_1713306768675751800.png
PhysXCar	1713306772805	25.2238	-11.2938	-0.72239	0.952904	0.00172519	-0.000193455	-0.303269	0.5	2.22429	0	1	0	2010.25	4.74863	img_PhysXCar__0_1713306772803659500.png
PhysXCar	1713306776965	26.4295	-12.0559	-0.722739	0.960024	-0.00213762	0.000889789	-0.279907	0.5	2.55857	0	1	0	2020.91	4.77322	img_PhysXCar__0_1713306776961071000.png
PhysXCar	1713306781079	27.2868	-12.4707	-0.717439	0.96982	-0.00620607	-0.000904523	-0.243741	0.5	2.5304	0	1	0	2032.81	4.76071	img_PhysXCar__0_1713306781076218300.png
