VehicleName	TimeStamp	POS_X	POS_Y	POS_Z	Q_W	Q_X	Q_Y	Q_Z	Throttle	Steering	Brake	Gear	Handbrake	RPM	Speed	ImageFile
PhysXCar	1713656321701	-6.17027e-05	2.71034e-05	-0.719967	0.979102	1.13491e-05	-8.28974e-05	-0.20337	0.5	-2.17692e-08	0	0	0	220.21	2.11151e-06	img_PhysXCar__0_1713656321700050300.png
PhysXCar	1713656326774	-6.24084e-05	2.74706e-05	-0.719985	0.979102	1.10602e-05	-8.39332e-05	-0.20337	0.5	-5.7778e-09	0	0	0	859.157	7.00416e-07	img_PhysXCar__0_1713656326773034600.png
PhysXCar	1713656331616	-6.25038e-05	2.7523e-05	-0.720019	0.979102	1.10602e-05	-8.39332e-05	-0.20337	0.5	-3.36449e-08	0	1	0	1053.76	0.000570572	img_PhysXCar__0_1713656331614602500.png
PhysXCar	1713656336107	0.0894779	-0.0388428	-0.720453	0.979102	0.000326622	0.00143314	-0.203367	0.5	6.52023e-07	0	1	0	845.097	1.09396	img_PhysXCar__0_1713656336106584300.png
PhysXCar	1713656340747	0.422419	-0.183385	-0.720426	0.979102	0.000324635	0.00143538	-0.203362	0.5	1.12146e-05	0	1	0	942.547	1.65312	img_PhysXCar__0_1713656340745952100.png
PhysXCar	1713656345231	0.899417	-0.390463	-0.720216	0.979104	0.000241754	0.00107053	-0.203358	0.5	3.82213e-05	0	1	0	1083.4	2.06146	img_PhysXCar__0_1713656345229528700.png
PhysXCar	1713656349652	1.48555	-0.644903	-0.720036	0.979106	0.000195581	0.000849335	-0.20335	0.5	2.40957e-05	0	1	0	1213.48	2.4103	img_PhysXCar__0_1713656349650693300.png
PhysXCar	1713656354119	2.16425	-0.942966	-0.719863	0.97887	0.00025689	0.000698709	-0.204484	0.5	-0.0184305	0	1	0	1326.93	2.71844	img_PhysXCar__0_1713656354117082200.png
PhysXCar	1713656358607	2.92387	-1.28184	-0.719684	0.978438	0.000246841	0.000602825	-0.206539	0.5	-0.0145419	0	1	0	1425.16	2.99296	img_PhysXCar__0_1713656358605762900.png
PhysXCar	1713656362991	3.75657	-1.65474	-0.719474	0.978153	0.000161591	0.000532666	-0.207884	0.5	-0.00151424	0	1	0	1510.38	3.23787	img_PhysXCar__0_1713656362989780900.png
PhysXCar	1713656367510	4.65593	-2.05473	-0.719247	0.97819	7.38009e-05	0.00047064	-0.207712	0.5	0.00590005	0	1	0	1584.6	3.45638	img_PhysXCar__0_1713656367507377500.png
PhysXCar	1713656372566	5.59908	-2.50844	-0.718995	0.975795	0.00104262	0.000163318	-0.218685	0.5	-0.15784	0	1	0	1650.04	3.63938	img_PhysXCar__0_1713656372562886000.png
PhysXCar	1713656378803	6.54934	-3.06318	-0.718703	0.968524	0.00213779	-0.000259731	-0.248909	0.5	-0.404333	0	1	0	1710.47	3.76961	img_PhysXCar__0_1713656378801730000.png
PhysXCar	1713656383965	7.47195	-3.74385	-0.718422	0.956418	0.00215074	-0.000376613	-0.291994	0.5	-0.0782765	0	1	0	1757.85	3.955	img_PhysXCar__0_1713656383963907100.png
PhysXCar	1713656389090	8.46152	-4.4115	-0.718234	0.957172	-0.00082472	0.00056374	-0.289518	0.5	0.33979	0	1	0	1798.94	4.07924	img_PhysXCar__0_1713656389088249300.png
PhysXCar	1713656393949	9.55048	-4.98524	-0.71803	0.967717	-0.0025383	0.000931454	-0.252026	0.5	0.228985	0	1	0	1837.7	4.19879	img_PhysXCar__0_1713656393948147900.png
PhysXCar	1713656398622	10.6539	-5.52253	-0.717951	0.972088	-0.000400403	0.000393287	-0.234618	0.5	-0.144513	0	1	0	1867.81	4.31375	img_PhysXCar__0_1713656398620088300.png
PhysXCar	1713656403236	11.7739	-6.18047	-0.717883	0.966255	0.00194828	-0.000276446	-0.257581	0.5	-0.186377	0	1	0	1897.62	4.40789	img_PhysXCar__0_1713656403234986900.png
PhysXCar	1713656407830	12.8952	-6.89356	-0.717996	0.962274	0.000536162	0.000172417	-0.272081	0.5	0.246776	0	1	0	1923.42	4.49641	img_PhysXCar__0_1713656407828621000.png
PhysXCar	1713656412421	14.0945	-7.51795	-0.718173	0.970077	-0.00224503	0.00092279	-0.242785	0.5	0.441481	0	1	0	1949.41	4.53681	img_PhysXCar__0_1713656412420704200.png
PhysXCar	1713656416857	15.3748	-8.00664	-0.718635	0.980782	-0.00276383	0.00090697	-0.195086	0.5	0.0467395	0	1	0	1968.62	4.63444	img_PhysXCar__0_1713656416855371500.png
PhysXCar	1713656421282	16.6791	-8.49943	-0.719137	0.982951	-0.000344802	0.000446641	-0.183867	0.5	-0.0737691	0	1	0	1984.44	4.70206	img_PhysXCar__0_1713656421281226600.png
PhysXCar	1713656425684	18.0018	-8.99542	-0.719613	0.984285	-0.000816615	0.000491431	-0.176583	0.5	0.545284	0	1	0	2001.09	4.7399	img_PhysXCar__0_1713656425682630500.png
PhysXCar	1713656430575	19.3835	-9.33654	-0.720123	0.991708	-0.00349711	0.000703463	-0.128465	0.5	0.701489	0	1	0	2019.97	4.73255	img_PhysXCar__0_1713656430574302100.png
PhysXCar	1713656435238	20.8065	-9.44995	-0.720599	0.998421	-0.00457605	0.00048564	-0.0559935	0.5	0.0990663	0	1	0	2031.65	4.80927	img_PhysXCar__0_1713656435236913000.png
PhysXCar	1713656439455	22.2504	-9.54229	-0.721211	0.99917	-0.000142484	0.000316665	-0.0407263	0.5	-0.627815	0	1	0	2037.3	4.85494	img_PhysXCar__0_1713656439454462300.png
PhysXCar	1713656444006	23.6859	-9.79037	-0.721715	0.99674	0.00328655	-2.76168e-05	-0.0806109	0.5	-0.656545	0	1	0	2048.92	4.84882	img_PhysXCar__0_1713656444004956400.png
PhysXCar	1713656448959	25.0612	-10.2693	-0.722194	0.987977	0.00533085	-0.000731355	-0.154507	0.5	-0.332167	0	1	0	2060.17	4.87487	img_PhysXCar__0_1713656448957137900.png
PhysXCar	1713656453526	26.4062	-10.8637	-0.722685	0.981029	0.00201783	-0.000134791	-0.19385	0.5	0.527385	0	1	0	2061.53	4.93748	img_PhysXCar__0_1713656453523938600.png
PhysXCar	1713656457973	27.8066	-11.3472	-0.722959	0.985961	-0.00233247	0.000505058	-0.166959	0.5	0.7823	0	1	0	2068.52	4.93671	img_PhysXCar__0_1713656457972013600.png
PhysXCar	1713656462263	29.2622	-11.6189	-0.723011	0.994856	-0.00499524	0.000440522	-0.101171	0.5	0.785436	0	1	0	2080.22	4.88768	img_PhysXCar__0_1713656462262201800.png
PhysXCar	1713656466390	30.7409	-11.624	-0.723069	0.999808	-0.00526426	7.72543e-05	-0.0188731	0.5	-0.0171056	0	1	0	2082.89	4.97225	img_PhysXCar__0_1713656466389448900.png
PhysXCar	1713656470279	32.236	-11.5998	-0.723167	1	-0.000434009	0.00010639	-0.000813816	0.5	-0.550295	0	1	0	2081.88	5.00736	img_PhysXCar__0_1713656470271127000.png
PhysXCar	1713656474169	33.731	-11.7327	-0.7229	0.999183	0.00329381	-0.000117082	-0.0402762	0.5	-0.586024	0	1	0	2088.36	4.98765	img_PhysXCar__0_1713656474167628300.png
PhysXCar	1713656478147	35.2073	-12.0228	-0.724093	0.996395	0.00243692	-0.000182582	-0.0848035	0.5	0.754909	0	1	0	2105.83	5.01133	img_PhysXCar__0_1713656478146177800.png
